0.3 0.289578 -0.356675 -1.23933
0.31 0.291258 -0.371064 -1.23355
0.32 0.292691 -0.385662 -1.22864
0.33 0.293906 -0.400478 -1.2245
0.34 0.294927 -0.415515 -1.22103
0.35 0.295778 -0.430783 -1.21815
0.36 0.296482 -0.446287 -1.21577
0.37 0.297058 -0.462035 -1.21383
0.38 0.297525 -0.478036 -1.21226
0.39 0.297899 -0.494296 -1.211
0.4 0.298195 -0.510826 -1.21001
0.41 0.298427 -0.527633 -1.20923
0.42 0.298605 -0.544727 -1.20863
0.43 0.29874 -0.562119 -1.20818
0.44 0.298841 -0.579818 -1.20784
0.45 0.298914 -0.597837 -1.2076
0.46 0.298966 -0.616186 -1.20743
0.47 0.299001 -0.634878 -1.20731
0.48 0.299024 -0.653926 -1.20723
0.49 0.299036 -0.673345 -1.20719
0.5 0.299039 -0.693147 -1.20718
0.51 0.299035 -0.71335 -1.2072
0.52 0.299021 -0.733969 -1.20724
0.53 0.298997 -0.755023 -1.20732
0.54 0.298959 -0.776529 -1.20745
0.55 0.298905 -0.798508 -1.20763
0.56 0.29883 -0.820981 -1.20788
0.57 0.298727 -0.84397 -1.20822
0.58 0.29859 -0.867501 -1.20868
0.59 0.298409 -0.891598 -1.20929
0.6 0.298176 -0.916291 -1.21007
0.61 0.297877 -0.941609 -1.21107
0.62 0.297501 -0.967584 -1.21234
0.63 0.297032 -0.994252 -1.21392
0.64 0.296454 -1.02165 -1.21586
0.65 0.295749 -1.04982 -1.21824
0.66 0.294897 -1.07881 -1.22113
0.67 0.293876 -1.10866 -1.2246
0.68 0.292663 -1.13943 -1.22873
0.69 0.291231 -1.17118 -1.23364
0.7 0.289554 -1.20397 -1.23941
0.71 0.287604 -1.23787 -1.24617
0.72 0.28535 -1.27297 -1.25404
0.73 0.282761 -1.30933 -1.26315
0.74 0.279806 -1.34707 -1.27366
0.75 0.27645 -1.38629 -1.28573
0.76 0.272662 -1.42712 -1.29952
0.77 0.268408 -1.46968 -1.31525
0.78 0.263655 -1.51413 -1.33312
0.79 0.25837 -1.56065 -1.35336
0.8 0.252523 -1.60944 -1.37625
0.81 0.246086 -1.66073 -1.40208
0.82 0.23903 -1.7148 -1.43116
0.83 0.231332 -1.77196 -1.4639
0.84 0.22297 -1.83258 -1.50072
0.85 0.213927 -1.89712 -1.54212
0.86 0.204189 -1.96611 -1.58871
0.87 0.193747 -2.04022 -1.6412
0.88 0.182597 -2.12026 -1.70047
0.89 0.170741 -2.20727 -1.76761
0.9 0.158185 -2.30259 -1.84399
0.91 0.144942 -2.40795 -1.93142
0.92 0.131031 -2.52573 -2.03232
0.93 0.116477 -2.65926 -2.15006
0.94 0.101311 -2.81341 -2.28956
0.95 0.0855717 -2.99573 -2.4584
0.96 0.0693019 -3.21888 -2.66928
0.97 0.052552 -3.50656 -2.94595
0.98 0.0353773 -3.91202 -3.34169
0.99 0.0178382 -4.60517 -4.02641
1 1.38479e-16 nan -36.5158
