-1.3 -1.3
-1.3 -1.2
-1.3 -1.1
-1.3 -1
-1.3 -0.9
-1.3 -0.8
-1.3 -0.7
-1.3 -0.6
-1.3 -0.5
-1.3 -0.4
-1.3 -0.3
-1.3 -0.2
-1.3 -0.1
-1.3 -2.77556e-17
-1.3 0.1
-1.3 0.2
-1.3 0.3
-1.3 0.4
-1.3 0.5
-1.3 0.6
-1.3 0.7
-1.3 0.8
-1.3 0.9
-1.3 1
-1.3 1.1
-1.3 1.2
-1.3 1.3
-1.2 -1.3
-1.2 -1.2
-1.2 -1.1
-1.2 -1
-1.2 -0.9
-1.2 -0.8
-1.2 -0.7
-1.2 -0.6
-1.2 -0.5
-1.2 -0.4
-1.2 -0.3
-1.2 -0.2
-1.2 -0.1
-1.2 -2.77556e-17
-1.2 0.1
-1.2 0.2
-1.2 0.3
-1.2 0.4
-1.2 0.5
-1.2 0.6
-1.2 0.7
-1.2 0.8
-1.2 0.9
-1.2 1
-1.2 1.1
-1.2 1.2
-1.2 1.3
-1.1 -1.3
-1.1 -1.2
-1.1 -1.1
-1.1 -1
-1.1 -0.9
-1.1 -0.8
-1.1 -0.7
-1.1 -0.6
-1.1 -0.5
-1.1 -0.4
-1.1 -0.3
-1.1 -0.2
-1.1 -0.1
-1.1 -2.77556e-17
-1.1 0.1
-1.1 0.2
-1.1 0.3
-1.1 0.4
-1.1 0.5
-1.1 0.6
-1.1 0.7
-1.1 0.8
-1.1 0.9
-1.1 1
-1.1 1.1
-1.1 1.2
-1.1 1.3
-1 -1.3
-1 -1.2
-1 -1.1
-1 1.1
-1 1.2
-1 1.3
-0.9 -1.3
-0.9 -1.2
-0.9 -1.1
-0.9 1.1
-0.9 1.2
-0.9 1.3
-0.8 -1.3
-0.8 -1.2
-0.8 -1.1
-0.8 1.1
-0.8 1.2
-0.8 1.3
-0.7 -1.3
-0.7 -1.2
-0.7 -1.1
-0.7 1.1
-0.7 1.2
-0.7 1.3
-0.6 -1.3
-0.6 -1.2
-0.6 -1.1
-0.6 1.1
-0.6 1.2
-0.6 1.3
-0.5 -1.3
-0.5 -1.2
-0.5 -1.1
-0.5 1.1
-0.5 1.2
-0.5 1.3
-0.4 -1.3
-0.4 -1.2
-0.4 -1.1
-0.4 1.1
-0.4 1.2
-0.4 1.3
-0.3 -1.3
-0.3 -1.2
-0.3 -1.1
-0.3 1.1
-0.3 1.2
-0.3 1.3
-0.2 -1.3
-0.2 -1.2
-0.2 -1.1
-0.2 1.1
-0.2 1.2
-0.2 1.3
-0.1 -1.3
-0.1 -1.2
-0.1 -1.1
-0.1 1.1
-0.1 1.2
-0.1 1.3
-2.77556e-17 -1.3
-2.77556e-17 -1.2
-2.77556e-17 -1.1
-2.77556e-17 1.1
-2.77556e-17 1.2
-2.77556e-17 1.3
0.1 -1.3
0.1 -1.2
0.1 -1.1
0.1 1.1
0.1 1.2
0.1 1.3
0.2 -1.3
0.2 -1.2
0.2 -1.1
0.2 1.1
0.2 1.2
0.2 1.3
0.3 -1.3
0.3 -1.2
0.3 -1.1
0.3 1.1
0.3 1.2
0.3 1.3
0.4 -1.3
0.4 -1.2
0.4 -1.1
0.4 1.1
0.4 1.2
0.4 1.3
0.5 -1.3
0.5 -1.2
0.5 -1.1
0.5 1.1
0.5 1.2
0.5 1.3
0.6 -1.3
0.6 -1.2
0.6 -1.1
0.6 1.1
0.6 1.2
0.6 1.3
0.7 -1.3
0.7 -1.2
0.7 -1.1
0.7 1.1
0.7 1.2
0.7 1.3
0.8 -1.3
0.8 -1.2
0.8 -1.1
0.8 1.1
0.8 1.2
0.8 1.3
0.9 -1.3
0.9 -1.2
0.9 -1.1
0.9 1.1
0.9 1.2
0.9 1.3
1 -1.3
1 -1.2
1 -1.1
1 1.1
1 1.2
1 1.3
1.1 -1.3
1.1 -1.2
1.1 -1.1
1.1 -1
1.1 -0.9
1.1 -0.8
1.1 -0.7
1.1 -0.6
1.1 -0.5
1.1 -0.4
1.1 -0.3
1.1 -0.2
1.1 -0.1
1.1 -2.77556e-17
1.1 0.1
1.1 0.2
1.1 0.3
1.1 0.4
1.1 0.5
1.1 0.6
1.1 0.7
1.1 0.8
1.1 0.9
1.1 1
1.1 1.1
1.1 1.2
1.1 1.3
1.2 -1.3
1.2 -1.2
1.2 -1.1
1.2 -1
1.2 -0.9
1.2 -0.8
1.2 -0.7
1.2 -0.6
1.2 -0.5
1.2 -0.4
1.2 -0.3
1.2 -0.2
1.2 -0.1
1.2 -2.77556e-17
1.2 0.1
1.2 0.2
1.2 0.3
1.2 0.4
1.2 0.5
1.2 0.6
1.2 0.7
1.2 0.8
1.2 0.9
1.2 1
1.2 1.1
1.2 1.2
1.2 1.3
1.3 -1.3
1.3 -1.2
1.3 -1.1
1.3 -1
1.3 -0.9
1.3 -0.8
1.3 -0.7
1.3 -0.6
1.3 -0.5
1.3 -0.4
1.3 -0.3
1.3 -0.2
1.3 -0.1
1.3 -2.77556e-17
1.3 0.1
1.3 0.2
1.3 0.3
1.3 0.4
1.3 0.5
1.3 0.6
1.3 0.7
1.3 0.8
1.3 0.9
1.3 1
1.3 1.1
1.3 1.2
1.3 1.3
